side_little: [0.043286, 0.083430, 0.190376, 0.215029, 0.040954, -0.096899,  -0.067843,  -0.094438,  -0.153024,  -0.143931,  -0.118045,  -0.069548,  -0.048247,  -0.032068,  -0.023288]

frontal_little: [-0.066180, -0.034099,  -0.017095,  0.043481, 0.095850, 0.051700, 0.032803, 0.036145, -0.013068,  -0.016716,  -0.015951,  -0.019075,  0.016998, 0.049889, 0.056798]

vertical_little: [0.004249, -0.034326,  -0.044520,  -0.261322,  -0.045628,  0.006713, 0.013962, 0.027649, 0.040203, 0.047104, 0.108499, 0.100470, 0.077396, 0.043441, -0.004623]

frontal_ring: [-0.083432, -0.068746,  -0.018941,  -0.011229,  0.042777, 0.052076, 0.076338, 0.076538, 0.039981, 0.052173, 0.056817, 0.039887, 0.073027, 0.050640, 0.012973]

vertical_ring: [-0.070050,  -0.204064,  -0.194915,  -0.134282,  0.001329, -0.235472,  -0.131066,  0.043204, 0.147954, 0.150178, 0.067750, 0.079654, -0.008643,  -0.004504,  -0.077207]

frontal_middle: [0.038780,  0.031310, 0.023093, 0.007329, 0.005322, 0.002447, -0.022780,  -0.008033,  0.004894, 0.045265, 0.028794, 0.034431, 0.052753, 0.069161, 0.033870]

vertical_middle: [-0.029046,  -0.094587,  -0.335979,  -0.433047,  -0.258371,  0.024467, 0.203230, 0.235622, 0.105422, 0.034184, 0.081385, 0.171250, 0.116475, 0.080597, 0.064205]

side_index: [-0.045438, 0.063278, -0.132459,  -0.329795,  0.096313, 0.279608, 0.187720, 0.068596, 0.220162, 0.152750, 0.019130, 0.134549, 0.082376, 0.074717, 0.026645]

frontal_index: [-0.001487,  -0.001257,  -0.000337,  -0.000245,  -0.000843,  0.001338, 0.002302, 0.002159, 0.001923, 0.001529, -0.000485,  0.000091, 0.000288, 0.001007, 0.002105]

vertical_index: [-0.023438, -0.014273,  -0.282973,  -0.345705,  -0.275083,  -0.087493,  0.112614, 0.151419, 0.143253, 0.102704, 0.064922, 0.033850, 0.055478, 0.035857, 0.029630]

side_thumb: [0.028683,  0.005981, 0.053901, 0.389366, 0.169690, -0.001591,  -0.038389,  -0.234440,  -0.185371,  -0.166358,  -0.113765,  -0.016395,  0.048422, 0.099084, 0.051700]

frontal_thumb: [-0.011809,  -0.008576,  -0.084863,  -0.092791,  -0.024833,  0.008517, 0.040405, 0.067419, 0.088323, 0.091580, 0.108573, 0.082394, -0.024694,  -0.005921,  -0.043839]  

vertical_thumb: [0.020048,  -0.037879,  -0.185000,  -0.366355,  -0.247881,  0.256022, 0.107693, 0.010611, 0.120472, 0.146709, 0.068201, 0.016018, 0.031358, 0.046488, 0.036863]